id	num.apples
1	27
2	17
3	22
4	23
5	22
6	19
7	28
8	20
9	30
10	20
11	27
12	31
13	13
14	19
15	19
16	23
17	19
18	7
19	8
20	27
21	18
22	11
23	19
24	26
25	29
26	18
27	19
28	11
29	22
30	17
31	22
32	24
33	25
34	17
35	23
36	11
37	16
38	16
39	8
40	20
41	21
42	18
43	24
44	16
45	13
46	22
47	16
48	27
49	18
50	23
51	22
52	16
53	28
54	23
55	20
56	21
57	23
58	20
59	5
60	21
61	18
62	21
63	23
64	27
65	16
66	27
67	22
68	25
69	25
70	24
71	15
72	20
73	23
74	15
75	17
76	23
77	24
78	22
79	16
80	15
81	28
82	21
83	20
84	19
85	14
86	23
87	19
88	19
89	25
90	24
91	27
92	18
93	23
94	27
95	14
96	16
97	14
98	13
99	20
100	23
101	26
102	25
103	15
104	29
105	17
106	21
107	18
108	19
109	21
110	21
111	20
112	21
113	18
114	17
115	12
116	18
117	17
118	34
119	13
120	21
121	13
122	13
123	21
124	15
125	20
126	18
127	17
128	10
129	14
130	21
131	23
132	18
133	20
134	26
135	27
136	15
137	19
138	26
139	18
140	20
141	20
142	16
143	18
144	20
145	18
146	26
147	18
148	18
149	23
150	15
151	20
152	12
153	26
154	19
155	18
156	14
157	20
158	16
159	17
160	26
161	19
162	15
163	21
164	18
165	23
166	27
167	15
168	22
169	20
170	24
171	19
172	24
173	11
174	28
175	24
176	19
177	13
178	23
179	22
180	20
181	21
182	17
183	22
184	21
185	19
186	13
187	24
188	23
189	16
190	12
191	21
192	18
193	21
194	14
195	15
196	25
197	22
198	23
199	29
200	21
201	10
202	22
203	26
204	30
205	13
206	14
207	16
208	15
209	17
210	19
211	14
212	30
213	21
214	20
215	22
216	20
217	19
218	27
219	19
220	14
221	22
222	18
223	17
224	15
225	22
226	19
227	23
228	19
229	17
230	26
231	19
232	25
233	14
234	18
235	19
236	18
237	27
238	20
239	21
240	15
241	16
242	25
243	26
244	26
245	13
246	30
247	25
248	20
249	24
250	15
251	15
252	20
253	14
254	21
255	26
256	15
257	16
258	20
259	15
260	18
261	24
262	25
263	22
264	11
265	20
266	25
267	24
268	19
269	7
270	20
271	23
272	20
273	21
274	22
275	18
276	27
277	22
278	14
279	27
280	26
281	24
282	12
283	17
284	23
285	20
286	22
287	32
288	16
289	9
290	21
291	17
292	22
293	16
294	31
295	19
296	18
297	19
298	24
299	20
300	12
301	20
302	24
303	20
304	24
305	19
306	20
307	22
308	25
309	14
310	20
311	20
312	16
313	15
314	17
315	23
316	18
317	16
318	21
319	14
320	25
321	18
322	21
323	20
324	20
325	29
326	16
327	26
328	20
329	16
330	20
331	24
332	18
333	16
334	21
335	25
336	20
337	13
338	13
339	16
340	17
341	20
342	23
343	18
344	14
345	23
346	21
347	26
348	12
349	20
350	27
351	24
352	16
353	24
354	16
355	18
356	26
357	19
358	24
359	19
360	12
361	16
362	15
363	18
364	18
365	19
366	19
367	29
368	13
369	18
370	22
371	28
372	20
373	26
374	12
375	27
376	17
377	19
378	14
379	21
380	29
381	32
382	15
383	22
384	27
385	19
386	19
387	18
388	23
389	27
390	23
391	22
392	18
393	22
394	17
395	19
396	25
397	22
398	21
399	19
400	25
401	27
402	16
403	20
404	20
405	17
406	15
407	20
408	23
409	27
410	10
411	16
412	18
413	12
414	16
415	16
416	16
417	9
418	21
419	17
420	28
421	24
422	13
423	20
424	17
425	24
426	20
427	17
428	22
429	21
430	19
431	30
432	17
433	18
434	12
435	20
436	24
437	10
438	19
439	14
440	27
441	27
442	22
443	27
444	16
445	25
446	17
447	22
448	19
449	19
450	23
451	13
452	19
453	21
454	18
455	21
456	18
457	28
458	24
459	35
460	16
461	24
462	30
463	22
464	15
465	15
466	20
467	27
468	24
469	9
470	16
471	20
472	13
473	23
474	8
475	21
476	18
477	18
478	19
479	22
480	22
481	19
482	10
483	13
484	13
485	24
486	19
487	21
488	12
489	17
490	23
491	19
492	19
493	20
494	26
495	17
496	23
497	24
498	14
499	21
500	20
501	25
502	25
503	20
504	21
505	16
506	19
507	15
508	15
509	14
510	24
511	26
512	18
513	14
514	20
515	31
516	30
517	11
518	18
519	28
520	20
521	28
522	18
523	23
524	21
525	36
526	25
527	14
528	17
529	22
530	10
531	11
532	14
533	18
534	26
535	19
536	21
537	20
538	16
539	27
540	15
541	19
542	18
543	23
544	28
545	23
546	27
547	24
548	17
549	20
550	27
551	12
552	22
553	19
554	24
555	24
556	22
557	27
558	12
559	25
560	12
561	23
562	20
563	25
564	20
565	12
566	10
567	23
568	20
569	17
570	18
571	17
572	19
573	15
574	10
575	19
576	25
577	29
578	20
579	20
580	25
581	20
582	18
583	11
584	14
585	22
586	13
587	25
588	13
589	19
590	20
591	20
592	21
593	23
594	19
595	19
596	21
597	18
598	28
599	9
600	25
601	19
602	22
603	25
604	24
605	17
606	28
607	12
608	24
609	17
610	10
611	11
612	21
613	31
614	21
615	26
616	24
617	17
618	25
619	22
620	21
621	25
622	24
623	17
624	22
625	16
626	23
627	18
628	22
629	22
630	19
631	22
632	23
633	19
634	26
635	27
636	17
637	16
638	23
639	15
640	18
641	24
642	17
643	10
644	23
645	12
646	13
647	5
648	24
649	21
650	22
651	24
652	20
653	14
654	23
655	27
656	12
657	17
658	19
659	14
660	23
661	17
662	26
663	20
664	24
665	28
666	21
667	25
668	21
669	12
670	20
671	24
672	22
673	19
674	14
675	23
676	15
677	14
678	23
679	14
680	21
681	20
682	13
683	26
684	17
685	26
686	18
687	17
688	20
689	18
690	18
691	16
692	14
693	23
694	16
695	13
696	17
697	16
698	9
699	19
700	21
701	21
702	22
703	15
704	18
705	15
706	17
707	14
708	14
709	23
710	19
711	19
712	29
713	20
714	17
715	24
716	18
717	27
718	18
719	17
720	14
721	22
722	27
723	18
724	21
725	22
726	27
727	23
728	15
729	17
730	16
731	21
732	20
733	22
734	17
735	18
736	24
737	20
738	17
739	25
740	20
741	15
742	29
743	14
744	11
745	9
746	23
747	17
748	19
749	21
750	18
751	12
752	10
753	18
754	21
755	9
756	21
757	22
758	26
759	21
760	21
761	23
762	20
763	20
764	21
765	24
766	18
767	18
768	16
769	15
770	22
771	28
772	15
773	19
774	15
775	25
776	18
777	21
778	22
779	15
780	19
781	19
782	23
783	14
784	14
785	24
786	17
787	17
788	21
789	18
790	29
791	21
792	21
793	25
794	20
795	20
796	15
797	9
798	14
799	21
800	15
801	23
802	24
803	21
804	19
805	13
806	18
807	18
808	23
809	27
810	23
811	14
812	28
813	25
814	21
815	9
816	15
817	20
818	24
819	14
820	36
821	7
822	19
823	19
824	17
825	18
826	24
827	16
828	10
829	20
830	20
831	20
832	23
833	20
834	24
835	10
836	14
837	22
838	18
839	25
840	15
841	24
842	17
843	14
844	18
845	20
846	14
847	16
848	14
849	25
850	24
851	15
852	23
853	19
854	14
855	22
856	18
857	24
858	19
859	26
860	17
861	21
862	22
863	21
864	21
865	20
866	20
867	27
868	25
869	17
870	27
871	21
872	17
873	21
874	19
875	21
876	15
877	16
878	27
879	25
880	16
881	15
882	29
883	30
884	16
885	13
886	33
887	21
888	21
889	20
890	27
891	19
892	27
893	19
894	23
895	15
896	21
897	26
898	19
899	26
900	34
901	25
902	19
903	20
904	18
905	31
906	5
907	20
908	21
909	21
910	12
911	21
912	21
913	26
914	23
915	26
916	15
917	19
918	21
919	21
920	17
921	27
922	17
923	12
924	22
925	23
926	25
927	15
928	19
929	13
930	24
931	22
932	25
933	23
934	17
935	21
936	10
937	23
938	25
939	16
940	9
941	12
942	14
943	26
944	20
945	14
946	23
947	9
948	19
949	26
950	18
951	27
952	29
953	14
954	14
955	15
956	23
957	24
958	26
959	26
960	25
961	25
962	21
963	16
964	16
965	22
966	28
967	29
968	10
969	16
970	27
971	15
972	12
973	23
974	29
975	30
976	23
977	24
978	23
979	20
980	3
981	24
982	18
983	25
984	17
985	12
986	26
987	21
988	37
989	25
990	25
991	24
992	17
993	18
994	25
995	25
996	23
997	15
998	28
999	13
1000	18
1001	32
1002	23
1003	25
1004	22
1005	15
1006	17
1007	21
1008	5
1009	16
1010	24
1011	19
1012	19
1013	24
1014	17
1015	23
1016	13
1017	14
1018	12
1019	20
1020	19
1021	27
1022	20
1023	27
1024	30
1025	18
1026	22
1027	16
1028	24
1029	15
1030	15
1031	21
1032	20
1033	21
1034	20
1035	17
1036	19
1037	28
1038	20
1039	13
1040	16
1041	14
1042	15
1043	14
1044	7
1045	23
1046	23
1047	19
1048	16
1049	16
1050	22
1051	21
1052	22
1053	20
1054	23
1055	22
1056	23
1057	22
1058	28
1059	15
1060	28
1061	18
1062	20
1063	20
1064	18
1065	7
1066	18
1067	20
1068	11
1069	23
1070	17
1071	27
1072	21
1073	16
1074	21
1075	21
1076	25
1077	19
1078	10
1079	14
1080	16
1081	22
1082	19
1083	17
1084	16
1085	21
1086	16
1087	18
1088	15
1089	13
1090	25
1091	13
1092	20
1093	17
1094	15
1095	21
1096	22
1097	26
1098	22
1099	19
1100	33
1101	17
1102	15
1103	17
1104	19
1105	23
1106	22
1107	19
1108	16
1109	26
1110	25
1111	16
1112	23
1113	22
1114	25
1115	21
1116	14
1117	24
1118	16
1119	23
1120	28
1121	13
1122	28
1123	27
1124	17
1125	19
1126	17
1127	17
1128	23
1129	16
1130	19
1131	19
1132	20
1133	21
1134	28
1135	18
1136	16
1137	24
1138	22
1139	21
1140	23
1141	13
1142	25
1143	22
1144	25
1145	17
1146	11
1147	18
1148	15
1149	31
1150	18
1151	19
1152	25
1153	23
1154	23
1155	33
1156	21
1157	30
1158	21
1159	13
1160	9
1161	23
1162	15
1163	20
1164	29
1165	22
1166	19
1167	10
1168	16
1169	17
1170	23
1171	22
1172	20
1173	21
1174	19
1175	20
1176	21
1177	22
1178	29
1179	14
1180	27
1181	23
1182	12
1183	19
1184	17
1185	15
1186	12
1187	18
1188	18
1189	18
1190	10
1191	22
1192	24
1193	24
1194	24
1195	21
1196	27
1197	16
1198	14
1199	22
1200	22
1201	16
1202	20
1203	22
1204	22
1205	24
1206	25
1207	8
1208	29
1209	22
1210	17
1211	14
1212	25
1213	22
1214	25
1215	20
1216	19
1217	31
1218	10
1219	22
1220	22
1221	22
1222	23
1223	19
1224	26
1225	8
1226	16
1227	19
1228	21
1229	22
1230	23
1231	12
1232	20
1233	23
1234	27
1235	19
1236	28
1237	19
1238	20
1239	21
1240	17
1241	24
1242	13
1243	20
1244	17
1245	17
1246	26
1247	25
1248	28
1249	19
1250	20
1251	12
1252	18
1253	29
1254	18
1255	14
1256	20
1257	26
1258	12
1259	19
1260	22
1261	30
1262	17
1263	28
1264	18
1265	15
1266	14
1267	19
1268	20
1269	18
1270	25
1271	21
1272	19
1273	17
1274	14
1275	10
1276	21
1277	20
1278	27
1279	21
1280	24
1281	20
1282	16
1283	21
1284	22
1285	16
1286	20
1287	30
1288	14
1289	27
1290	19
1291	27
1292	16
1293	20
1294	22
1295	19
1296	23
1297	19
1298	26
1299	21
1300	23
1301	14
1302	17
1303	25
1304	23
1305	19
1306	19
1307	24
1308	19
1309	20
1310	12
1311	29
1312	24
1313	24
1314	10
1315	20
1316	18
1317	13
1318	24
1319	26
1320	17
1321	19
1322	29
1323	12
1324	24
1325	18
1326	19
1327	17
1328	25
1329	14
1330	25
1331	27
1332	12
1333	14
1334	23
1335	15
1336	17
1337	18
1338	18
1339	24
1340	17
1341	20
1342	24
1343	12
1344	17
1345	24
1346	18
1347	7
1348	16
1349	24
1350	18
1351	18
1352	19
1353	24
1354	18
1355	22
1356	23
1357	15
1358	20
1359	17
1360	22
1361	12
1362	28
1363	27
1364	16
1365	17
1366	15
1367	19
1368	17
1369	21
1370	11
1371	21
1372	20
1373	12
1374	21
1375	20
1376	19
1377	20
1378	22
1379	22
1380	18
1381	26
1382	20
1383	19
1384	25
1385	25
1386	16
1387	15
1388	16
1389	14
1390	11
1391	22
1392	19
1393	23
1394	20
1395	22
1396	18
1397	15
1398	24
1399	24
1400	11
1401	24
1402	11
1403	20
1404	18
1405	19
1406	25
1407	14
1408	19
1409	33
1410	13
1411	17
1412	20
1413	21
1414	17
1415	19
1416	25
1417	19
1418	21
1419	22
1420	22
1421	22
1422	20
1423	16
1424	20
1425	15
1426	20
1427	18
1428	19
1429	15
1430	19
1431	15
1432	18
1433	23
1434	21
1435	24
1436	22
1437	21
1438	25
1439	26
1440	13
1441	24
1442	24
1443	25
1444	15
1445	32
1446	7
1447	20
1448	21
1449	19
1450	24
1451	21
1452	16
1453	27
1454	19
1455	23
1456	17
1457	15
1458	17
1459	15
1460	23
1461	12
1462	15
1463	20
1464	11
1465	17
1466	18
1467	27
1468	19
1469	17
1470	17
1471	22
1472	18
1473	17
1474	19
1475	25
1476	28
1477	17
1478	20
1479	18
1480	29
1481	23
1482	11
1483	18
1484	9
1485	20
1486	24
1487	16
1488	14
1489	26
1490	15
1491	25
1492	21
1493	24
1494	25
1495	26
1496	26
1497	21
1498	21
1499	15
1500	14
1501	17
1502	19
1503	15
1504	24
1505	16
1506	22
1507	24
1508	14
1509	25
1510	9
1511	21
1512	28
1513	23
1514	25
1515	17
1516	21
1517	26
1518	13
1519	25
1520	13
1521	18
1522	33
1523	23
1524	20
1525	25
1526	19
1527	23
1528	18
1529	8
1530	22
1531	17
1532	17
1533	20
1534	27
1535	21
1536	24
1537	23
1538	21
1539	23
1540	19
1541	14
1542	22
1543	9
1544	15
1545	20
1546	19
1547	18
1548	25
1549	15
1550	7
1551	24
1552	20
1553	19
1554	18
1555	12
1556	15
1557	23
1558	20
1559	13
1560	23
1561	24
1562	19
1563	20
1564	27
1565	22
1566	26
1567	20
1568	27
1569	20
1570	25
1571	18
1572	15
1573	25
1574	31
1575	18
1576	27
1577	19
1578	25
1579	15
1580	21
1581	16
1582	13
1583	23
1584	28
1585	16
1586	16
1587	15
1588	18
1589	23
1590	24
1591	22
1592	24
1593	18
1594	19
1595	23
1596	19
1597	15
1598	13
1599	33
1600	12
1601	20
1602	30
1603	24
1604	19
1605	23
1606	29
1607	21
1608	17
1609	27
1610	29
1611	15
1612	24
1613	21
1614	24
1615	23
1616	20
1617	22
1618	14
1619	13
1620	24
1621	20
1622	19
1623	12
1624	17
1625	21
1626	18
1627	20
1628	22
1629	19
1630	22
1631	19
1632	18
1633	19
1634	23
1635	24
1636	32
1637	15
1638	16
1639	23
1640	28
1641	26
1642	18
1643	17
1644	28
1645	28
1646	21
1647	29
1648	20
1649	16
1650	20
1651	20
1652	12
1653	19
1654	18
1655	22
1656	17
1657	22
1658	23
1659	19
1660	20
1661	32
1662	28
1663	28
1664	20
1665	16
1666	23
1667	20
1668	38
1669	10
1670	19
1671	27
1672	10
1673	19
1674	22
1675	19
1676	15
1677	19
1678	27
1679	13
1680	27
1681	25
1682	14
1683	12
1684	20
1685	21
1686	26
1687	20
1688	22
1689	26
1690	26
1691	24
1692	22
1693	22
1694	26
1695	26
1696	20
1697	22
1698	28
1699	27
1700	15
1701	27
1702	20
1703	12
1704	26
1705	20
1706	25
1707	30
1708	25
1709	18
1710	19
1711	15
1712	16
1713	22
1714	19
1715	23
1716	24
1717	22
1718	18
1719	13
1720	21
1721	15
1722	23
1723	24
1724	22
1725	15
1726	16
1727	18
1728	21
1729	32
1730	15
1731	9
1732	19
1733	16
1734	9
1735	16
1736	18
1737	14
1738	24
1739	25
1740	18
1741	13
1742	23
1743	16
1744	16
1745	21
1746	15
1747	19
1748	16
1749	22
1750	16
1751	16
1752	15
1753	20
1754	26
1755	16
1756	21
1757	17
1758	15
1759	25
1760	17
1761	28
1762	17
1763	23
1764	26
1765	31
1766	16
1767	20
1768	25
1769	17
1770	23
1771	18
1772	14
1773	9
1774	23
1775	18
1776	29
1777	14
1778	18
1779	24
1780	19
1781	22
1782	27
1783	31
1784	20
1785	16
1786	15
1787	17
1788	18
1789	14
1790	23
1791	27
1792	18
1793	15
1794	14
1795	24
1796	20
1797	10
1798	19
1799	20
1800	16
1801	14
1802	18
1803	16
1804	17
1805	8
1806	19
1807	25
1808	26
1809	30
1810	21
1811	15
1812	23
1813	25
1814	29
1815	24
1816	27
1817	22
1818	14
1819	16
1820	29
1821	24
1822	17
1823	16
1824	15
1825	21
1826	19
1827	15
1828	26
1829	20
1830	24
1831	18
1832	21
1833	25
1834	23
1835	25
1836	11
1837	21
1838	19
1839	17
1840	17
1841	28
1842	22
1843	19
1844	25
1845	17
1846	21
1847	27
1848	18
1849	16
1850	17
1851	15
1852	21
1853	22
1854	24
1855	29
1856	27
1857	14
1858	30
1859	21
1860	18
1861	29
1862	22
1863	29
1864	20
1865	16
1866	10
1867	26
1868	16
1869	24
1870	21
1871	22
1872	26
1873	18
1874	18
1875	19
1876	25
1877	18
1878	19
1879	24
1880	24
1881	24
1882	20
1883	24
1884	21
1885	17
1886	29
1887	11
1888	24
1889	22
1890	20
1891	17
1892	19
1893	29
1894	20
1895	18
1896	16
1897	18
1898	20
1899	13
1900	26
1901	20
1902	27
1903	25
1904	27
1905	13
1906	23
1907	18
1908	20
1909	17
1910	21
1911	20
1912	9
1913	24
1914	21
1915	15
1916	14
1917	17
1918	12
1919	21
1920	28
1921	21
1922	23
1923	13
1924	12
1925	16
1926	24
1927	16
1928	23
1929	19
1930	22
1931	15
1932	15
1933	19
1934	19
1935	11
1936	23
1937	10
1938	18
1939	20
1940	16
1941	13
1942	18
1943	19
1944	15
1945	13
1946	14
1947	17
1948	18
1949	27
1950	14
1951	22
1952	18
1953	20
1954	17
1955	24
1956	11
1957	21
1958	20
1959	25
1960	19
1961	22
1962	22
1963	17
1964	20
1965	19
1966	26
1967	21
1968	21
1969	32
1970	22
1971	22
1972	23
1973	28
1974	25
1975	22
1976	17
1977	22
1978	21
1979	11
1980	12
1981	11
1982	27
1983	23
1984	8
1985	22
1986	20
1987	19
1988	16
1989	14
1990	24
1991	17
1992	19
1993	23
1994	23
1995	18
1996	17
1997	21
1998	14
1999	22
2000	21
2001	21
2002	19
2003	11
2004	10
2005	14
2006	22
2007	19
2008	16
2009	16
2010	23
2011	12
2012	24
2013	22
2014	16
2015	20
2016	24
2017	27
2018	27
2019	22
2020	19
2021	22
2022	19
2023	15
2024	24
2025	23
2026	26
2027	28
2028	27
2029	24
2030	20
2031	20
2032	18
2033	16
2034	18
2035	23
2036	22
2037	14
2038	26
2039	26
2040	27
2041	14
2042	18
2043	18
2044	18
2045	17
2046	17
2047	15
2048	17
2049	18
2050	21
2051	23
2052	25
2053	16
2054	20
2055	32
2056	18
2057	24
2058	17
2059	25
2060	23
2061	15
2062	25
2063	26
2064	24
2065	6
2066	21
2067	28
2068	19
2069	17
2070	19
2071	8
2072	14
2073	20
2074	24
2075	21
2076	23
2077	15
2078	27
2079	26
2080	23
2081	19
2082	24
2083	17
2084	16
2085	9
2086	21
2087	8
2088	20
2089	22
2090	24
2091	25
2092	23
2093	16
2094	24
2095	20
2096	11
2097	19
2098	11
2099	15
2100	17
2101	17
2102	25
2103	20
2104	15
2105	17
2106	17
2107	21
2108	23
2109	18
2110	18
2111	23
2112	16
2113	19
2114	19
2115	16
2116	17
2117	18
2118	16
2119	20
2120	14
2121	22
2122	18
2123	24
2124	22
2125	17
2126	18
2127	23
2128	24
2129	22
2130	22
2131	11
2132	21
2133	13
2134	20
2135	17
2136	19
2137	14
2138	19
2139	28
2140	29
2141	8
2142	12
2143	13
2144	14
2145	30
2146	25
2147	19
2148	25
2149	31
2150	23
2151	29
2152	14
2153	15
2154	25
2155	24
2156	24
2157	22
2158	18
2159	25
2160	29
2161	26
2162	13
2163	22
2164	20
2165	20
2166	19
2167	14
2168	22
2169	27
2170	28
2171	22
2172	16
2173	17
2174	17
2175	23
2176	19
2177	35
2178	19
2179	21
2180	19
2181	17
2182	24
2183	17
2184	20
2185	19
2186	6
2187	23
2188	21
2189	16
2190	27
2191	14
2192	11
2193	17
2194	14
2195	24
2196	20
2197	18
2198	20
2199	15
2200	21
2201	21
2202	20
2203	20
2204	14
2205	25
2206	13
2207	31
2208	28
2209	23
2210	13
2211	22
2212	12
2213	19
2214	24
2215	24
2216	20
2217	19
2218	21
2219	12
2220	18
2221	29
2222	11
2223	28
2224	23
2225	18
2226	31
2227	20
2228	29
2229	20
2230	23
2231	17
2232	15
2233	10
2234	17
2235	24
2236	14
2237	14
2238	18
2239	21
2240	18
2241	26
2242	21
2243	20
2244	14
2245	15
2246	22
2247	18
2248	26
2249	12
2250	22
2251	17
2252	27
2253	22
2254	15
2255	13
2256	21
2257	18
2258	20
2259	19
2260	23
2261	15
2262	37
2263	21
2264	17
2265	19
2266	23
2267	23
2268	11
2269	10
2270	20
2271	24
2272	21
2273	25
2274	22
2275	22
2276	28
2277	15
2278	16
2279	22
2280	21
2281	9
2282	23
2283	14
2284	14
2285	29
2286	26
2287	16
2288	28
2289	17
2290	25
2291	27
2292	27
2293	26
2294	19
2295	17
2296	26
2297	20
2298	17
2299	15
2300	27
2301	24
2302	27
2303	17
2304	21
2305	15
2306	20
2307	16
2308	22
2309	20
2310	27
2311	22
2312	18
2313	11
2314	18
2315	17
2316	26
2317	22
2318	17
2319	21
2320	21
2321	22
2322	19
2323	26
2324	27
2325	14
2326	25
2327	16
2328	21
2329	25
2330	22
2331	20
2332	20
2333	31
2334	27
2335	20
2336	18
2337	29
2338	20
2339	22
2340	27
2341	17
2342	18
2343	18
2344	21
2345	8
2346	18
2347	24
2348	22
2349	22
2350	12
2351	21
2352	19
2353	20
2354	24
2355	27
2356	19
2357	17
2358	19
2359	24
2360	19
2361	18
2362	20
2363	27
2364	15
2365	18
2366	15
2367	31
2368	18
2369	25
2370	20
2371	19
2372	18
2373	16
2374	27
2375	23
2376	20
2377	15
2378	18
2379	25
2380	15
2381	17
2382	24
2383	22
2384	17
2385	28
2386	14
2387	27
2388	24
2389	10
2390	22
2391	24
2392	16
2393	20
2394	12
2395	15
2396	21
2397	21
2398	20
2399	16
2400	23
2401	27
2402	17
2403	20
2404	17
2405	20
2406	21
2407	19
2408	18
2409	18
2410	20
2411	19
2412	17
2413	22
2414	22
2415	21
2416	14
2417	22
2418	22
2419	19
2420	23
2421	26
2422	22
2423	24
2424	26
2425	28
2426	18
2427	18
2428	18
2429	26
2430	23
2431	25
2432	22
2433	19
2434	13
2435	11
2436	30
2437	20
2438	23
2439	23
2440	27
2441	23
2442	20
2443	24
2444	22
2445	17
2446	25
2447	21
2448	20
2449	15
2450	26
2451	18
2452	20
2453	20
2454	20
2455	23
2456	25
2457	23
2458	13
2459	8
2460	18
2461	19
2462	19
2463	13
2464	17
2465	11
2466	33
2467	23
2468	20
2469	11
2470	19
2471	24
2472	24
2473	22
2474	27
2475	11
2476	14
2477	20
2478	21
2479	17
2480	26
2481	10
2482	15
2483	28
2484	24
2485	12
2486	24
2487	22
2488	13
2489	22
2490	24
2491	15
2492	23
2493	14
2494	23
2495	15
2496	18
2497	15
2498	23
2499	19
2500	22
2501	23
2502	20
2503	20
2504	22
2505	23
2506	20
2507	22
2508	24
2509	23
2510	27
2511	11
2512	22
2513	21
2514	16
2515	16
2516	23
2517	18
2518	19
2519	23
2520	26
2521	30
2522	24
2523	30
2524	26
2525	22
2526	21
2527	30
2528	15
2529	20
2530	21
2531	8
2532	18
2533	22
2534	6
2535	22
2536	19
2537	22
2538	24
2539	27
2540	12
2541	20
2542	17
2543	20
2544	19
2545	14
2546	11
2547	31
2548	13
2549	21
2550	14
2551	28
2552	11
2553	16
2554	14
2555	20
2556	18
2557	32
2558	20
2559	27
2560	24
2561	23
2562	23
2563	21
2564	16
2565	18
2566	22
2567	8
2568	11
2569	18
2570	11
2571	21
2572	22
2573	24
2574	26
2575	23
2576	23
2577	21
2578	20
2579	16
2580	31
2581	16
2582	28
2583	25
2584	30
2585	24
2586	18
2587	18
2588	13
2589	25
2590	20
2591	20
2592	20
2593	17
2594	18
2595	24
2596	27
2597	20
2598	21
2599	21
2600	21
2601	19
2602	23
2603	24
2604	21
2605	23
2606	17
2607	21
2608	23
2609	19
2610	19
2611	18
2612	23
2613	21
2614	33
2615	19
2616	21
2617	15
2618	24
2619	18
2620	21
2621	25
2622	28
2623	19
2624	18
2625	21
2626	26
2627	21
2628	21
2629	24
2630	24
2631	25
2632	10
2633	14
2634	14
2635	22
2636	13
2637	19
2638	22
2639	30
2640	19
2641	20
2642	21
2643	17
2644	4
2645	28
2646	18
2647	16
2648	21
2649	17
2650	25
2651	18
2652	24
2653	19
2654	15
2655	24
2656	32
2657	15
2658	18
2659	14
2660	28
2661	21
2662	8
2663	9
2664	25
2665	21
2666	10
2667	14
2668	22
2669	20
2670	11
2671	24
2672	18
2673	26
2674	22
2675	26
2676	10
2677	24
2678	25
2679	23
2680	14
2681	20
2682	10
2683	17
2684	16
2685	22
2686	31
2687	22
2688	18
2689	25
2690	24
2691	21
2692	17
2693	23
2694	23
2695	21
2696	30
2697	32
2698	15
2699	22
2700	14
2701	17
2702	18
2703	19
2704	29
2705	16
2706	23
2707	24
2708	21
2709	23
2710	17
2711	18
2712	17
2713	9
2714	23
2715	18
2716	19
2717	23
2718	20
2719	19
2720	17
2721	28
2722	21
2723	21
2724	25
2725	22
2726	16
2727	18
2728	16
2729	12
2730	19
2731	23
2732	17
2733	22
2734	24
2735	19
2736	18
2737	16
2738	19
2739	28
2740	20
2741	18
2742	18
2743	20
2744	21
2745	27
2746	18
2747	25
2748	17
2749	21
2750	18
2751	25
2752	27
2753	28
2754	23
2755	17
2756	19
2757	22
2758	10
2759	27
2760	15
2761	18
2762	27
2763	22
2764	22
2765	16
2766	12
2767	16
2768	23
2769	24
2770	20
2771	18
2772	22
2773	17
2774	23
2775	14
2776	29
2777	6
2778	27
2779	17
2780	26
2781	13
2782	18
2783	21
2784	15
2785	17
2786	22
2787	23
2788	14
2789	15
2790	21
2791	27
2792	24
2793	12
2794	16
2795	11
2796	24
2797	16
2798	20
2799	23
2800	19
2801	16
2802	21
2803	13
2804	32
2805	8
2806	31
2807	23
2808	17
2809	21
2810	20
2811	31
2812	31
2813	24
2814	19
2815	21
2816	16
2817	15
2818	18
2819	28
2820	18
2821	21
2822	26
2823	22
2824	23
2825	17
2826	21
2827	15
2828	16
2829	14
2830	18
2831	22
2832	19
2833	15
2834	15
2835	13
2836	22
2837	21
2838	13
2839	12
2840	20
2841	18
2842	14
2843	25
2844	20
2845	20
2846	23
2847	22
2848	18
2849	14
2850	26
2851	11
2852	27
2853	17
2854	30
2855	19
2856	17
2857	20
2858	27
2859	11
2860	18
2861	21
2862	21
2863	21
2864	18
2865	14
2866	34
2867	13
2868	25
2869	14
2870	10
2871	21
2872	31
2873	23
2874	12
2875	17
2876	16
2877	14
2878	25
2879	32
2880	13
2881	24
2882	15
2883	25
2884	21
2885	19
2886	24
2887	31
2888	27
2889	19
2890	24
2891	15
2892	22
2893	25
2894	22
2895	17
2896	20
2897	17
2898	22
2899	18
2900	19
2901	17
2902	25
2903	22
2904	15
2905	21
2906	17
2907	21
2908	29
2909	15
2910	21
2911	13
2912	23
2913	13
2914	11
2915	23
2916	16
2917	10
2918	13
2919	25
2920	21
2921	21
2922	24
2923	21
2924	4
2925	20
2926	13
2927	15
2928	12
2929	22
2930	31
2931	22
2932	30
2933	19
2934	17
2935	24
2936	14
2937	13
2938	5
2939	9
2940	18
2941	21
2942	18
2943	10
2944	14
2945	16
2946	24
2947	22
2948	16
2949	12
2950	19
2951	11
2952	17
2953	18
2954	26
2955	24
2956	21
2957	19
2958	18
2959	23
2960	13
2961	18
2962	26
2963	16
2964	12
2965	20
2966	21
2967	29
2968	15
2969	17
2970	26
2971	19
2972	22
2973	22
2974	26
2975	25
2976	20
2977	14
2978	20
2979	24
2980	26
2981	23
2982	12
2983	21
2984	14
2985	18
2986	15
2987	29
2988	19
2989	29
2990	11
2991	16
2992	24
2993	17
2994	30
2995	17
2996	9
2997	20
2998	18
2999	19
3000	16
3001	17
3002	16
3003	18
3004	14
3005	26
3006	16
3007	26
3008	13
3009	24
3010	17
3011	21
3012	24
3013	15
3014	21
3015	20
3016	14
3017	23
3018	8
3019	28
3020	26
3021	19
3022	18
3023	22
3024	18
3025	19
3026	21
3027	20
3028	29
3029	18
3030	16
3031	14
3032	17
3033	15
3034	25
3035	21
3036	19
3037	20
3038	15
3039	32
3040	24
3041	24
3042	21
3043	21
3044	23
3045	22
3046	24
3047	18
3048	26
3049	13
3050	29
3051	20
3052	21
3053	20
3054	16
3055	18
3056	28
3057	30
3058	15
3059	22
3060	17
3061	20
3062	22
3063	17
3064	21
3065	28
3066	15
3067	18
3068	21
3069	22
3070	20
3071	22
3072	19
3073	21
3074	20
3075	25
3076	24
3077	20
3078	27
3079	21
3080	23
3081	21
3082	17
3083	24
3084	11
3085	15
3086	23
3087	26
3088	12
3089	26
3090	13
3091	17
3092	13
3093	19
3094	20
3095	22
3096	18
3097	20
3098	22
3099	15
3100	16
3101	27
3102	5
3103	25
3104	25
3105	27
3106	18
3107	24
3108	21
3109	17
3110	23
3111	22
3112	18
3113	18
3114	19
3115	23
3116	20
3117	13
3118	22
3119	18
3120	24
3121	14
3122	10
3123	18
3124	17
3125	23
3126	11
3127	15
3128	19
3129	16
3130	19
3131	14
3132	16
3133	15
3134	11
3135	22
3136	17
3137	17
3138	26
3139	23
3140	17
3141	24
3142	18
3143	18
3144	21
3145	21
3146	19
3147	19
3148	22
3149	25
3150	18
3151	27
3152	16
3153	30
3154	24
3155	18
3156	9
3157	18
3158	18
3159	27
3160	22
3161	11
3162	21
3163	15
3164	11
3165	25
3166	23
3167	18
3168	27
3169	18
3170	12
3171	25
3172	17
3173	21
3174	15
3175	13
3176	22
3177	16
3178	17
3179	24
3180	7
3181	15
3182	28
3183	20
3184	12
3185	20
3186	20
3187	16
3188	17
3189	20
3190	24
3191	16
3192	24
3193	11
3194	30
3195	24
3196	17
3197	19
3198	14
3199	15
3200	21
3201	10
3202	23
3203	24
3204	21
3205	16
3206	23
3207	19
3208	29
3209	23
3210	29
3211	17
3212	26
3213	25
3214	23
3215	29
3216	26
3217	26
3218	27
3219	16
3220	23
3221	26
3222	11
3223	26
3224	15
3225	13
3226	19
3227	11
3228	16
3229	24
3230	20
3231	26
3232	21
3233	11
3234	14
3235	21
3236	18
3237	25
3238	21
3239	14
3240	17
3241	25
3242	15
3243	12
3244	23
3245	21
3246	16
3247	20
3248	21
3249	16
3250	22
3251	17
3252	18
3253	24
3254	19
3255	12
3256	19
3257	12
3258	17
3259	17
3260	36
3261	22
3262	22
3263	21
3264	17
3265	7
3266	29
3267	17
3268	16
3269	17
3270	25
3271	24
3272	27
3273	21
3274	19
3275	19
3276	12
3277	21
3278	18
3279	18
3280	25
3281	26
3282	32
3283	22
3284	20
3285	15
3286	20
3287	29
3288	19
3289	29
3290	19
3291	21
3292	32
3293	20
3294	13
3295	17
3296	15
3297	20
3298	17
3299	22
3300	28
3301	15
3302	15
3303	19
3304	24
3305	22
3306	21
3307	28
3308	19
3309	29
3310	12
3311	21
3312	25
3313	26
3314	13
3315	17
3316	10
3317	19
3318	17
3319	25
3320	22
3321	19
3322	27
3323	19
3324	27
3325	23
3326	23
3327	25
3328	17
3329	13
3330	24
3331	13
3332	15
3333	19
3334	23
3335	23
3336	11
3337	21
3338	11
3339	31
3340	15
3341	28
3342	18
3343	23
3344	16
3345	21
3346	23
3347	28
3348	17
3349	12
3350	14
3351	21
3352	21
3353	19
3354	20
3355	18
3356	18
3357	31
3358	20
3359	26
3360	33
3361	13
3362	19
3363	20
3364	26
3365	18
3366	22
3367	21
3368	22
3369	17
3370	33
3371	14
3372	18
3373	22
3374	22
3375	14
3376	19
3377	13
3378	25
3379	15
3380	14
3381	20
3382	14
3383	21
3384	17
3385	17
3386	12
3387	8
3388	26
3389	29
3390	26
3391	20
3392	21
3393	22
3394	18
3395	22
3396	24
3397	25
3398	26
3399	18
3400	22
3401	19
3402	14
3403	15
3404	19
3405	21
3406	26
3407	24
3408	14
3409	23
3410	15
3411	25
3412	15
3413	14
3414	20
3415	16
3416	25
3417	15
3418	23
3419	25
3420	18
3421	22
3422	17
3423	14
3424	8
3425	15
3426	22
3427	20
3428	15
3429	20
3430	8
3431	24
3432	16
3433	19
3434	22
3435	16
3436	27
3437	22
3438	22
3439	24
3440	25
3441	23
3442	32
3443	17
3444	28
3445	13
3446	17
3447	18
3448	16
3449	21
3450	23
3451	16
3452	22
3453	23
3454	20
3455	16
3456	14
3457	16
3458	23
3459	29
3460	17
3461	27
3462	15
3463	17
3464	20
3465	18
3466	21
3467	24
3468	25
3469	24
3470	12
3471	17
3472	18
3473	23
3474	12
3475	17
3476	23
3477	25
3478	21
3479	28
3480	8
3481	21
3482	20
3483	15
3484	17
3485	21
3486	26
3487	21
3488	23
3489	15
3490	18
3491	20
3492	21
3493	23
3494	19
3495	24
3496	21
3497	13
3498	22
3499	11
3500	17
3501	21
3502	13
3503	19
3504	20
3505	19
3506	16
3507	23
3508	24
3509	18
3510	22
3511	16
3512	20
3513	24
3514	21
3515	21
3516	27
3517	16
3518	24
3519	21
3520	16
3521	20
3522	18
3523	23
3524	22
3525	11
3526	28
3527	9
3528	23
3529	16
3530	25
3531	22
3532	27
3533	19
3534	8
3535	19
3536	21
3537	26
3538	14
3539	19
3540	18
3541	28
3542	12
3543	25
3544	26
3545	19
3546	24
3547	23
3548	16
3549	17
3550	10
3551	28
3552	26
3553	26
3554	20
3555	17
3556	12
3557	17
3558	15
3559	13
3560	22
3561	18
3562	22
3563	16
3564	30
3565	33
3566	27
3567	19
3568	23
3569	13
3570	13
3571	18
3572	28
3573	19
3574	25
3575	20
3576	18
3577	21
3578	19
3579	27
3580	13
3581	21
3582	20
3583	19
3584	17
3585	24
3586	13
3587	24
3588	9
3589	28
3590	24
3591	20
3592	8
3593	20
3594	16
3595	26
3596	12
3597	12
3598	19
3599	20
3600	17
3601	19
3602	19
3603	17
3604	17
3605	19
3606	25
3607	29
3608	25
3609	20
3610	14
3611	25
3612	27
3613	19
3614	19
3615	26
3616	21
3617	31
3618	20
3619	12
3620	25
3621	22
3622	19
3623	14
3624	24
3625	23
3626	21
3627	28
3628	15
3629	21
3630	19
3631	23
3632	22
3633	19
3634	13
3635	20
3636	27
3637	10
3638	17
3639	23
3640	15
3641	15
3642	15
3643	16
3644	22
3645	30
3646	23
3647	16
3648	17
3649	15
3650	16
3651	17
3652	27
3653	23
3654	11
3655	24
3656	26
3657	19
3658	27
3659	22
3660	23
3661	18
3662	27
3663	20
3664	19
3665	22
3666	19
3667	19
3668	24
3669	19
3670	18
3671	17
3672	13
3673	28
3674	17
3675	18
3676	20
3677	17
3678	10
3679	22
3680	23
3681	19
3682	17
3683	16
3684	30
3685	19
3686	20
3687	21
3688	19
3689	32
3690	20
3691	15
3692	22
3693	25
3694	15
3695	28
3696	21
3697	19
3698	24
3699	13
3700	27
3701	17
3702	16
3703	17
3704	20
3705	15
3706	8
3707	21
3708	24
3709	19
3710	22
3711	24
3712	15
3713	29
3714	16
3715	20
3716	29
3717	21
3718	20
3719	14
3720	14
3721	17
3722	18
3723	28
3724	17
3725	14
3726	24
3727	21
3728	21
3729	27
3730	25
3731	26
3732	19
3733	19
3734	20
3735	16
3736	14
3737	22
3738	19
3739	20
3740	26
3741	17
3742	30
3743	18
3744	24
3745	14
3746	21
3747	16
3748	16
3749	14
3750	20
3751	24
3752	19
3753	19
3754	18
3755	23
3756	25
3757	9
3758	17
3759	24
3760	28
3761	23
3762	19
3763	23
3764	21
3765	23
3766	22
3767	28
3768	22
3769	18
3770	25
3771	16
3772	19
3773	8
3774	21
3775	23
3776	11
3777	33
3778	15
3779	14
3780	18
3781	21
3782	18
3783	22
3784	16
3785	24
3786	21
3787	29
3788	22
3789	20
3790	21
3791	23
3792	16
3793	15
3794	24
3795	20
3796	13
3797	15
3798	21
3799	26
3800	21
3801	20
3802	18
3803	16
3804	17
3805	22
3806	17
3807	21
3808	18
3809	21
3810	25
3811	24
3812	20
3813	15
3814	23
3815	21
3816	15
3817	25
3818	24
3819	17
3820	33
3821	4
3822	23
3823	18
3824	21
3825	15
3826	19
3827	17
3828	22
3829	22
3830	24
3831	22
3832	20
3833	20
3834	29
3835	24
3836	20
3837	28
3838	22
3839	20
3840	15
3841	22
3842	23
3843	17
3844	15
3845	13
3846	16
3847	25
3848	22
3849	15
3850	12
3851	6
3852	15
3853	22
3854	14
3855	22
3856	29
3857	9
3858	19
3859	15
3860	25
3861	20
3862	22
3863	21
3864	21
3865	22
3866	15
3867	26
3868	28
3869	19
3870	19
3871	11
3872	21
3873	9
3874	19
3875	13
3876	16
3877	19
3878	23
3879	27
3880	18
3881	19
3882	19
3883	18
3884	18
3885	24
3886	29
3887	28
3888	19
3889	23
3890	17
3891	12
3892	23
3893	22
3894	28
3895	19
3896	11
3897	21
3898	12
3899	14
3900	18
3901	18
3902	13
3903	25
3904	22
3905	15
3906	16
3907	14
3908	22
3909	24
3910	18
3911	25
3912	18
3913	21
3914	26
3915	16
3916	21
3917	23
3918	18
3919	21
3920	22
3921	26
3922	25
3923	18
3924	23
3925	28
3926	17
3927	27
3928	13
3929	16
3930	21
3931	11
3932	22
3933	9
3934	16
3935	15
3936	25
3937	15
3938	26
3939	16
3940	18
3941	16
3942	25
3943	13
3944	24
3945	25
3946	18
3947	13
3948	24
3949	15
3950	16
3951	17
3952	15
3953	28
3954	23
3955	22
3956	17
3957	25
3958	15
3959	19
3960	26
3961	15
3962	20
3963	16
3964	18
3965	20
3966	19
3967	25
3968	23
3969	24
3970	24
3971	27
3972	21
3973	23
3974	18
3975	19
3976	23
3977	18
3978	18
3979	21
3980	28
3981	13
3982	18
3983	22
3984	22
3985	13
3986	16
3987	14
3988	20
3989	27
3990	20
3991	19
3992	31
3993	17
3994	21
3995	18
3996	15
3997	23
3998	17
3999	24
4000	18
4001	19
4002	16
4003	18
4004	22
4005	10
4006	15
4007	21
4008	14
4009	25
4010	15
4011	16
4012	19
4013	19
4014	19
4015	22
4016	23
4017	11
4018	25
4019	27
4020	16
4021	11
4022	12
4023	10
4024	22
4025	23
4026	27
4027	22
4028	25
4029	17
4030	15
4031	21
4032	22
4033	10
4034	25
4035	17
4036	19
4037	15
4038	23
4039	18
4040	13
4041	21
4042	12
4043	19
4044	20
4045	34
4046	23
4047	14
4048	22
4049	20
4050	21
4051	12
4052	28
4053	23
4054	18
4055	10
4056	22
4057	13
4058	14
4059	23
4060	24
4061	18
4062	12
4063	8
4064	13
4065	17
4066	15
4067	22
4068	16
4069	22
4070	26
4071	18
4072	13
4073	14
4074	24
4075	12
4076	28
4077	21
4078	25
4079	16
4080	17
4081	22
4082	19
4083	23
4084	19
4085	19
4086	29
4087	22
4088	8
4089	24
4090	17
4091	20
4092	27
4093	28
4094	10
4095	12
4096	22
4097	17
4098	18
4099	26
4100	18
4101	14
4102	18
4103	24
4104	21
4105	24
4106	11
4107	21
4108	23
4109	27
4110	6
4111	16
4112	24
4113	23
4114	22
4115	12
4116	18
4117	9
4118	20
4119	15
4120	13
4121	21
4122	29
4123	12
4124	16
4125	19
4126	16
4127	15
4128	23
4129	15
4130	19
4131	25
4132	22
4133	12
4134	27
4135	23
4136	21
4137	19
4138	16
4139	16
4140	15
4141	13
4142	23
4143	13
4144	22
4145	16
4146	24
4147	25
4148	20
4149	22
4150	21
4151	13
4152	24
4153	24
4154	15
4155	15
4156	22
4157	15
4158	21
4159	23
4160	19
4161	19
4162	17
4163	18
4164	17
4165	33
4166	23
4167	26
4168	18
4169	19
4170	34
4171	16
4172	17
4173	19
4174	26
4175	5
4176	30
4177	15
4178	14
4179	18
4180	23
4181	16
4182	11
4183	18
4184	22
4185	24
4186	26
4187	18
4188	27
4189	26
4190	18
4191	25
4192	25
4193	13
4194	28
4195	20
4196	23
4197	20
4198	17
4199	28
4200	27
4201	15
4202	20
4203	23
4204	11
4205	18
4206	22
4207	18
4208	10
4209	13
4210	15
4211	21
4212	11
4213	23
4214	25
4215	17
4216	25
4217	25
4218	20
4219	18
4220	19
4221	11
4222	23
4223	22
4224	19
4225	6
4226	21
4227	23
4228	16
4229	25
4230	23
4231	14
4232	15
4233	19
4234	15
4235	15
4236	27
4237	14
4238	21
4239	12
4240	20
4241	23
4242	26
4243	14
4244	16
4245	24
4246	23
4247	19
4248	20
4249	18
4250	24
4251	22
4252	20
4253	16
4254	21
4255	19
4256	11
4257	15
4258	12
4259	25
4260	28
4261	32
4262	31
4263	16
4264	14
4265	17
4266	26
4267	15
4268	16
4269	16
4270	19
4271	23
4272	12
4273	20
4274	11
4275	25
4276	24
4277	21
4278	19
4279	25
4280	23
4281	14
4282	33
4283	17
4284	15
4285	22
4286	21
4287	21
4288	13
4289	20
4290	22
4291	31
4292	16
4293	24
4294	16
4295	22
4296	15
4297	10
4298	8
4299	24
4300	20
4301	22
4302	10
4303	19
4304	20
4305	28
4306	17
4307	24
4308	20
4309	25
4310	21
4311	21
4312	19
4313	20
4314	20
4315	19
4316	19
4317	24
4318	19
4319	16
4320	20
4321	14
4322	29
4323	32
4324	20
4325	20
4326	15
4327	22
4328	25
4329	24
4330	20
4331	26
4332	29
4333	18
4334	22
4335	26
4336	19
4337	21
4338	14
4339	16
4340	8
4341	17
4342	17
4343	25
4344	15
4345	20
4346	18
4347	18
4348	21
4349	28
4350	14
4351	23
4352	17
4353	14
4354	24
4355	14
4356	15
4357	25
4358	19
4359	28
4360	34
4361	21
4362	24
4363	21
4364	17
4365	16
4366	25
4367	24
4368	22
4369	24
4370	14
4371	15
4372	21
4373	23
4374	26
4375	27
4376	21
4377	14
4378	14
4379	15
4380	27
4381	22
4382	27
4383	17
4384	20
4385	23
4386	22
4387	14
4388	13
4389	8
4390	23
4391	23
4392	20
4393	30
4394	21
4395	18
4396	26
4397	25
4398	16
4399	20
4400	24
4401	25
4402	19
4403	14
4404	28
4405	21
4406	18
4407	18
4408	18
4409	11
4410	19
4411	25
4412	31
4413	17
4414	19
4415	23
4416	19
4417	17
4418	18
4419	21
4420	9
4421	17
4422	21
4423	23
4424	15
4425	17
4426	12
4427	22
4428	23
4429	20
4430	20
4431	7
4432	27
4433	18
4434	17
4435	20
4436	23
4437	28
4438	22
4439	14
4440	20
4441	21
4442	21
4443	25
4444	20
4445	16
4446	27
4447	34
4448	18
4449	25
4450	25
4451	25
4452	18
4453	23
4454	26
4455	35
4456	22
4457	20
4458	15
4459	20
4460	24
4461	23
4462	15
4463	20
4464	15
4465	22
4466	20
4467	26
4468	21
4469	25
4470	23
4471	16
4472	13
4473	20
4474	31
4475	24
4476	23
4477	23
4478	26
4479	28
4480	25
4481	26
4482	25
4483	27
4484	26
4485	12
4486	16
4487	19
4488	20
4489	30
4490	22
4491	25
4492	19
4493	21
4494	19
4495	19
4496	29
4497	22
4498	22
4499	20
4500	17
4501	19
4502	14
4503	20
4504	16
4505	26
4506	28
4507	14
4508	14
4509	18
4510	20
4511	21
4512	24
4513	15
4514	21
4515	17
4516	17
4517	23
4518	21
4519	24
4520	16
4521	20
4522	19
4523	25
4524	20
4525	16
4526	24
4527	23
4528	24
4529	21
4530	16
4531	13
4532	26
4533	25
4534	20
4535	8
4536	20
4537	24
4538	18
4539	22
4540	15
4541	23
4542	13
4543	17
4544	26
4545	19
4546	27
4547	22
4548	26
4549	20
4550	23
4551	23
4552	18
4553	28
4554	24
4555	16
4556	26
4557	18
4558	7
4559	19
4560	15
4561	18
4562	17
4563	8
4564	17
4565	25
4566	12
4567	27
4568	28
4569	15
4570	31
4571	15
4572	21
4573	18
4574	26
4575	14
4576	18
4577	13
4578	24
4579	23
4580	19
4581	16
4582	15
4583	20
4584	13
4585	30
4586	14
4587	20
4588	17
4589	19
4590	20
4591	23
4592	16
4593	15
4594	24
4595	30
4596	24
4597	22
4598	21
4599	20
4600	10
4601	23
4602	17
4603	21
4604	28
4605	19
4606	23
4607	16
4608	27
4609	27
4610	24
4611	24
4612	21
4613	22
4614	23
4615	19
4616	17
4617	18
4618	23
4619	18
4620	10
4621	24
4622	21
4623	17
4624	19
4625	22
4626	28
4627	25
4628	17
4629	32
4630	26
4631	22
4632	22
4633	18
4634	23
4635	23
4636	19
4637	22
4638	16
4639	26
4640	20
4641	11
4642	18
4643	21
4644	23
4645	14
4646	20
4647	19
4648	18
4649	15
4650	13
4651	21
4652	14
4653	16
4654	24
4655	17
4656	22
4657	25
4658	21
4659	20
4660	17
4661	16
4662	16
4663	22
4664	11
4665	22
4666	14
4667	21
4668	26
4669	23
4670	19
4671	22
4672	12
4673	17
4674	19
4675	7
4676	29
4677	22
4678	25
4679	20
4680	22
4681	30
4682	20
4683	22
4684	23
4685	22
4686	23
4687	19
4688	18
4689	14
4690	18
4691	18
4692	17
4693	23
4694	21
4695	15
4696	18
4697	21
4698	22
4699	21
4700	17
4701	28
4702	22
4703	17
4704	26
4705	18
4706	28
4707	20
4708	15
4709	22
4710	26
4711	16
4712	15
4713	21
4714	11
4715	18
4716	17
4717	23
4718	11
4719	12
4720	19
4721	16
4722	22
4723	19
4724	17
4725	27
4726	10
4727	32
4728	21
4729	16
4730	14
4731	15
4732	24
4733	25
4734	17
4735	26
4736	21
4737	17
4738	27
4739	24
4740	14
4741	24
4742	27
4743	19
4744	17
4745	24
4746	28
4747	18
4748	22
4749	29
4750	19
4751	18
4752	17
4753	15
4754	13
4755	23
4756	19
4757	13
4758	23
4759	17
4760	11
4761	17
4762	15
4763	20
4764	24
4765	25
4766	22
4767	16
4768	22
4769	15
4770	24
4771	19
4772	18
4773	23
4774	22
4775	10
4776	10
4777	30
4778	21
4779	27
4780	27
4781	20
4782	13
4783	13
4784	8
4785	28
4786	20
4787	24
4788	19
4789	26
4790	21
4791	22
4792	19
4793	20
4794	25
4795	6
4796	16
4797	14
4798	18
4799	15
4800	23
4801	26
4802	25
4803	25
4804	24
4805	24
4806	15
4807	11
4808	31
4809	17
4810	28
4811	12
4812	19
4813	19
4814	21
4815	15
4816	18
4817	24
4818	20
4819	17
4820	18
4821	32
4822	17
4823	23
4824	26
4825	15
4826	18
4827	22
4828	26
4829	26
4830	20
4831	22
4832	21
4833	21
4834	19
4835	11
4836	19
4837	21
4838	22
4839	20
4840	22
4841	19
4842	11
4843	19
4844	19
4845	8
4846	25
4847	14
4848	23
4849	21
4850	15
4851	21
4852	26
4853	21
4854	19
4855	20
4856	18
4857	12
4858	21
4859	15
4860	12
4861	10
4862	18
4863	23
4864	12
4865	16
4866	22
4867	14
4868	28
4869	16
4870	18
4871	26
4872	23
4873	24
4874	14
4875	25
4876	20
4877	22
4878	20
4879	19
4880	31
4881	13
4882	27
4883	18
4884	16
4885	23
4886	18
4887	25
4888	15
4889	15
4890	26
4891	24
4892	19
4893	23
4894	20
4895	20
4896	18
4897	21
4898	19
4899	26
4900	12
4901	23
4902	17
4903	17
4904	20
4905	27
4906	13
4907	15
4908	19
4909	21
4910	21
4911	30
4912	21
4913	20
4914	21
4915	16
4916	24
4917	16
4918	15
4919	22
4920	23
4921	12
4922	27
4923	10
4924	25
4925	20
4926	26
4927	23
4928	27
4929	20
4930	24
4931	14
4932	19
4933	27
4934	24
4935	13
4936	17
4937	21
4938	16
4939	16
4940	28
4941	15
4942	21
4943	24
4944	21
4945	19
4946	23
4947	18
4948	28
4949	17
4950	14
4951	3
4952	21
4953	15
4954	20
4955	12
4956	25
4957	19
4958	26
4959	23
4960	25
4961	23
4962	21
4963	28
4964	18
4965	14
4966	30
4967	19
4968	25
4969	18
4970	21
4971	23
4972	11
4973	22
4974	15
4975	30
4976	23
4977	26
4978	19
4979	20
4980	22
4981	22
4982	15
4983	19
4984	14
4985	27
4986	19
4987	24
4988	19
4989	24
4990	22
4991	25
4992	25
4993	22
4994	18
4995	18
4996	23
4997	16
4998	26
4999	23
5000	22
5001	20
5002	25
5003	22
5004	19
5005	18
5006	19
5007	24
5008	21
5009	18
5010	19
5011	9
5012	21
5013	25
5014	14
5015	20
5016	18
5017	16
5018	20
5019	16
5020	20
5021	27
5022	11
5023	17
5024	18
5025	26
5026	24
5027	20
5028	14
5029	21
5030	21
5031	23
5032	20
5033	13
5034	19
5035	28
5036	12
5037	21
5038	28
5039	18
5040	23
5041	18
5042	22
5043	13
5044	17
5045	25
5046	31
5047	18
5048	22
5049	26
5050	19
5051	21
5052	24
5053	8
5054	23
5055	16
5056	21
5057	18
5058	20
5059	25
5060	22
5061	17
5062	21
5063	24
5064	23
5065	13
5066	5
5067	22
5068	18
5069	22
5070	22
5071	18
5072	22
5073	23
5074	25
5075	21
5076	16
5077	19
5078	14
5079	21
5080	13
5081	31
5082	11
5083	19
5084	30
5085	15
5086	16
5087	10
5088	12
5089	15
5090	12
5091	22
5092	27
5093	16
5094	14
5095	26
5096	13
5097	22
5098	24
5099	30
5100	22
5101	16
5102	27
5103	12
5104	23
5105	20
5106	8
5107	20
5108	22
5109	20
5110	28
5111	18
5112	13
5113	19
5114	21
5115	8
5116	18
5117	23
5118	20
5119	23
5120	28
5121	11
5122	27
5123	24
